12
0
0
0
0
1
0
0
0
0
3
3
3
0
0
0
Winston%100%0%0%0%0%0%0%0%0%0%0%0%0%0%0%0%0%0%0%0%0%0%0%0%0%0%42%14%20%0%0%13%0%Knife%Dinah%73%0%0%0%0%1%0%0%0%0%0%0%0%3%1%0%0%0%0%1%0%0%0%0%5%0%40%11%7%9%16%7%8%%Kurt%80%0%0%0%1%0%0%0%0%0%0%0%0%2%0%0%0%0%0%0%0%0%0%2%3%2%70%13%20%4%4%15%2%%Evelyn%100%0%0%0%0%0%0%0%0%0%0%0%0%0%0%0%0%0%0%0%0%0%0%0%0%0%0%12%15%10%7%7%8%Knife%Frederick%100%1%0%1%0%0%0%0%0%0%0%1%0%0%0%0%0%0%0%0%0%0%0%0%0%4%146%10%3%20%4%11%5%Wrench%Matthew%100%0%0%1%0%0%1%0%0%0%0%1%0%0%0%0%0%0%0%0%1%0%0%2%0%3%97%11%8%6%9%20%8%Cards%Lenna%100%0%0%0%0%0%0%0%0%0%0%0%0%0%0%0%0%0%0%0%0%0%0%0%0%0%98%13%7%11%6%9%7%Dice%Matthew%100%0%0%1%0%0%1%0%0%0%0%1%0%0%0%0%0%0%0%0%1%0%0%2%0%3%97%11%8%6%9%20%8%Cards%David%100%0%1%0%0%0%0%0%0%4%0%0%0%0%0%0%0%0%0%0%0%0%0%0%0%0%0%11%9%11%20%10%11%%Madison%100%0%0%0%0%0%2%0%0%0%0%0%0%0%0%0%0%0%0%0%0%0%0%0%0%0%49%12%11%20%10%11%10%Wrench%Robot%100%0%0%0%0%0%0%0%0%0%0%0%0%0%0%0%0%0%0%0%0%0%0%0%0%0%20%12%0%0%14%17%0%%Matthew%100%0%0%1%0%0%1%0%0%0%0%1%0%0%0%0%0%0%0%0%1%0%0%2%0%3%97%11%8%6%9%20%8%Cards%%100%0%0%0%0%0%0%0%0%0%0%0%0%0%0%0%0%0%0%0%0%0%0%0%0%0%0%0%0%0%0%0%0%%%100%0%0%0%0%0%0%0%0%0%0%0%0%0%0%0%0%0%0%0%0%0%0%0%0%0%0%0%0%0%0%0%0%%%100%0%0%0%0%0%0%0%0%0%0%0%0%0%0%0%0%0%0%0%0%0%0%0%0%0%0%0%0%0%0%0%0%%%100%0%0%0%0%0%0%0%0%0%0%0%0%0%0%0%0%0%0%0%0%0%0%0%0%0%0%0%0%0%0%0%0%%%100%0%0%0%0%0%0%0%0%0%0%0%0%0%0%0%0%0%0%0%0%0%0%0%0%0%0%0%0%0%0%0%0%%%100%0%0%0%0%0%0%0%0%0%0%0%0%0%0%0%0%0%0%0%0%0%0%0%0%0%0%0%0%0%0%0%0%%%100%0%0%0%0%0%0%0%0%0%0%0%0%0%0%0%0%0%0%0%0%0%0%0%0%0%0%0%0%0%0%0%0%%%100%0%0%0%0%0%0%0%0%0%0%0%0%0%0%0%0%0%0%0%0%0%0%0%0%0%0%0%0%0%0%0%0%%%100%0%0%0%0%0%0%0%0%0%0%0%0%0%0%0%0%0%0%0%0%0%0%0%0%0%0%0%0%0%0%0%0%%